2

ArmLeft1Cap
-0.9390767 -0.1186142 -0.32259 0
-0.05502384 -0.8745781 0.4817539 0
-0.3392726 0.4701538 0.8147686 0
0 0 0 1

ArmRight1Cap
0.5901806 0.4300398 0.6831935 0
-0.5191456 0.8502728 -0.08674201 0
-0.6182033 -0.3034828 0.7250677 0
0 0 0 1
