4

LegFrontLeft1Cap
-0.6425383 -0.7548156 -0.1319977 0
-0.2393868 0.03409315 0.9703386 0
-0.7279183 0.6550671 -0.2025973 0
0.1816725 0.02875252 -0.001518511 1

LegFrontRight1Cap
0.6921261 0.7151586 -0.097581 0
-0.210063 0.07023702 -0.9751728 0
-0.6905473 0.6954339 0.19884 0
0.1960574 0.03059711 0.005074597 1

LegRearLeft1Cap
-0.5934804 -0.8047625 0.01268374 0
-0.07025973 0.06750434 0.9952558 0
-0.8017942 0.5897645 -0.09659915 0
0.1902667 0.01494073 -0.05702807 1

LegRearRight1Cap
0.6814381 0.7232097 0.1123532 0
0.01369373 0.1408958 -0.9899395 0
-0.731762 0.6761234 0.08610927 0
0.1982194 0.02067303 0.06280545 1
