1

HeadCenterCap
-0.1207195 0.9918157 -0.04181142 0
-0.3804445 -0.007323189 0.9247815 0
0.9169008 0.1275449 0.3782128 0
0 0 0 1
