1

HeadCenterCap
-0.8027788 -0.5525805 -0.2240567 0
-0.5515621 0.8309274 -0.07306695 0
0.2265501 0.06492507 -0.9718332 0
0 0 0 1
