24

ArmLeft1Cap
0.4021012 -0.9085842 0.1131477 0
0.7438456 0.2521091 -0.6189862 0
0.5338702 0.3330574 0.7772157 0
0 0 0 1

ArmLeft2Cap
-0.01863086 -0.9187437 0.3945528 0
0.9896661 -0.07320613 -0.1237242 0
0.1425434 0.3881514 0.9105607 0
0 0 0 1

ArmLeft3Cap
0.3815146 -0.6237334 0.6822097 0
0.8147466 -0.1217044 -0.5669057 0
0.4366252 0.7721087 0.461753 0
0 0 0 1

ArmRight1Cap
-0.8216957 0.4618312 0.3339615 0
-0.1216224 0.4303814 -0.8944151 0
-0.5568012 -0.7755532 -0.297473 0
0 0 0 1

ArmRight2Cap
-0.3906008 0.6097757 0.6896402 0
-0.3969101 0.5643862 -0.7238302 0
-0.8305975 -0.5564537 0.02157653 0
0 0 0 1

ArmRight3Cap
-0.7774953 0.04811657 0.6270457 0
-0.2408647 0.8982575 -0.3675846 0
-0.5809351 -0.4368284 -0.6868013 0
0 0 0 1

LegFrontLeft1Cap
0.9822873 -3.935963E-08 0.1873813 0
0.05790401 0.9510566 -0.3035435 0
-0.1782102 0.3090172 0.9342099 0
0 0 0 1

LegFrontLeft2Cap
-0.9188961 -0.3746774 -0.1234777 0
-0.3921905 0.8337989 0.3885437 0
-0.04262295 0.405458 -0.9131193 0
0 0 0 1

LegFrontLeft3Cap
-0.878571 -0.4690022 0.09030034 0
-0.3937251 0.8182154 0.4189425 0
-0.2703688 0.3325166 -0.9035168 0
0 0 0 1

LegFrontRight1Cap
0.4286771 0.0610078 -0.9013949 0
-0.1953236 0.9803797 -0.02653659 0
0.8820909 0.1874399 0.4321823 0
0 0 0 1

LegFrontRight2Cap
0.8873141 0.4369038 -0.1476136 0
-0.4538628 0.7705756 -0.4474607 0
-0.08174946 0.4640348 0.8820376 0
0 0 0 1

LegFrontRight3Cap
0.915708 0.397311 -0.06017949 0
-0.3999996 0.8869058 -0.2310731 0
-0.03843431 0.235667 0.9710736 0
0 0 0 1

LegRearLeft1Cap
0.8650968 -0.3356787 -0.3727298 0
0.4824817 0.7600806 0.4353032 0
0.1371827 -0.5564147 0.819502 0
0 0 0 1

LegRearLeft2Cap
-0.6419948 -0.5012819 0.5801371 0
-0.7002599 0.6914866 -0.1774303 0
-0.3122146 -0.5201566 -0.7949579 0
0 0 0 1

LegRearLeft3Cap
-0.5390233 -0.4743863 0.6959963 0
-0.8406075 0.3551851 -0.4089271 0
-0.05321782 -0.8054829 -0.5902255 0
0 0 0 1

LegRearRight1Cap
0.9822873 0 0.1873813 0
0 1 0 0
-0.1873813 0 0.9822873 0
0 0 0 1

LegRearRight2Cap
0.6769711 0.6571552 0.3314461 0
-0.7332472 0.6411497 0.2264384 0
-0.06370129 -0.3963246 0.9158984 0
0 0 0 1

LegRearRight3Cap
0.5722024 0.608596 0.5497233 0
-0.8189048 0.3876448 0.4232323 0
0.04448006 -0.6923462 0.7201915 0
0 0 0 1

HeadLeftCap
0.184077 -0.9714218 0.1498422 0
0.05479334 0.1623514 0.9852121 0
-0.9813827 -0.1731441 0.08311254 0
0 0 0 1

HeadCenterCap
0.001968768 0.9998792 -0.01561584 0
0.248201 -0.0156156 -0.9685843 0
-0.9687074 -0.001969438 -0.2482013 0
0 0 0 1

HeadRightCap
-0.382578 0.9102627 0.1582907 0
-0.2286173 0.07273045 -0.9707962 0
-0.8951919 -0.4075929 0.1802758 0
0 0 0 1

Spine1Cap
0.3681245 0 0.9297765 0
0 1 0 0
-0.9297765 0 0.3681245 0
0 0 0 1

Spine2Cap
0.9510567 0 0.309017 0
0 1 0 0
-0.309017 0 0.9510567 0
0 0 0 1

Spine3Cap
0.943557 -0.119199 0.309017 0
0.1253332 0.9921147 -3.479924E-10 0
-0.3065803 0.0387301 0.9510566 0
0 0 0 1

