24

ArmLeft1Cap
-0.9390767 -0.1186142 -0.32259 0
-0.05502384 -0.8745781 0.4817539 0
-0.3392726 0.4701538 0.8147686 0
0 0 0 1

ArmLeft2Cap
-0.7700632 0.0100371 -0.637889 0
-0.4362885 -0.7377982 0.5150802 0
-0.4654628 0.6749475 0.5725296 0
0 0 0 1

ArmLeft3Cap
-0.9625685 -0.09473116 -0.2539453 0
-0.1185404 -0.6954323 0.708746 0
-0.2437423 0.7123191 0.6581717 0
0 0 0 1

ArmRight1Cap
0.5901806 0.4300398 0.6831935 0
-0.5191456 0.8502728 -0.08674201 0
-0.6182033 -0.3034828 0.7250677 0
0 0 0 1

ArmRight2Cap
0.3132198 0.4906759 0.8131 0
-0.6073838 0.7616805 -0.2256709 0
-0.730054 -0.4231797 0.5366023 0
0 0 0 1

ArmRight3Cap
0.5223781 0.02093513 0.8524546 0
-0.6251914 0.6892298 0.3661854 0
-0.5798745 -0.7242384 0.3731303 0
0 0 0 1

LegFrontLeft1Cap
-0.8659779 -0.09413223 -0.4911434 0
-0.2836453 -0.7164046 0.6374233 0
-0.4118589 0.6913058 0.5936899 0
0 0 0 1

LegFrontLeft2Cap
-0.9174427 0.3403774 -0.2060147 0
-0.3535546 -0.4599773 0.8145061 0
0.1824772 0.8200996 0.542345 0
0 0 0 1

LegFrontLeft3Cap
-0.8723859 -0.06116661 -0.4849754 0
-0.4878844 0.1702171 0.8561512 0
0.03018347 0.9835069 -0.1783375 0
0 0 0 1

LegFrontRight1Cap
0.0686837 0.234309 0.9697291 0
-0.8031541 0.5895903 -0.08557376 0
-0.5917944 -0.7729667 0.2286817 0
0 0 0 1

LegFrontRight2Cap
0.2443144 0.3039503 0.9208295 0
-0.8568705 0.5122381 0.05826398 0
-0.4539723 -0.803264 0.3855908 0
0 0 0 1

LegFrontRight3Cap
0.3119699 -0.2031976 0.9281093 0
-0.7473148 0.550732 0.3717744 0
-0.5866824 -0.8095734 0.01995889 0
0 0 0 1

LegRearLeft1Cap
-0.7798676 -0.3005855 -0.5490431 0
-0.5587251 -0.06113867 0.827091 0
-0.2821809 0.9517888 -0.1202662 0
0 0 0 1

LegRearLeft2Cap
-0.6231341 -0.4960632 -0.6046699 0
-0.7797124 0.3334607 0.5299553 0
-0.06125778 0.8017009 -0.5945781 0
0 0 0 1

LegRearLeft3Cap
-0.6363643 -0.7605826 -0.1286163 0
-0.6293828 0.4155507 0.6566493 0
-0.4459932 0.4988189 -0.743143 0
0 0 0 1

LegRearRight1Cap
-0.0850821 -0.3507656 0.9325893 0
-0.983658 0.1786173 -0.02255855 0
-0.1586642 -0.9192693 -0.360231 0
0 0 0 1

LegRearRight2Cap
-0.0891672 -0.8493238 0.5202879 0
-0.9587489 0.2147457 0.1862427 0
-0.2699107 -0.4822172 -0.8334376 0
0 0 0 1

LegRearRight3Cap
-0.4019446 -0.8869994 0.2273213 0
-0.9098176 0.4148875 0.01015857 0
-0.1033227 -0.2027383 -0.9737668 0
0 0 0 1

HeadLeftCap
-0.8192326 0.5612998 -0.1174858 0
-0.5451208 -0.8258342 -0.1443564 0
-0.1780514 -0.05421899 0.9825251 0
0 0 0 1

HeadCenterCap
-0.8027788 -0.5525805 -0.2240567 0
-0.5515621 0.8309274 -0.07306695 0
0.2265501 0.06492507 -0.9718332 0
0 0 0 1

HeadRightCap
-0.8428386 -0.4110621 -0.3473456 0
-0.4822581 0.8633543 0.1484764 0
0.2388493 0.2926528 -0.9259102 0
0 0 0 1

Spine1Cap
-0.9745412 0.1859037 0.1253333 0
-0.1873812 -0.9822872 1.044112E-09 0
0.123113 -0.02348515 0.9921147 0
0 0 0 1

Spine2Cap
-0.8763067 0.4817536 0 0
-0.4817536 -0.8763067 0 0
0 0 1 0
0 0 0 1

Spine3Cap
-0.9803486 -0.1870117 0.06279049 0
0.1873814 -0.9822872 1.981458E-10 0
0.06167835 0.01176578 0.9980267 0
0 0 0 1

