24

ArmLeft1Cap
0.4021012 -0.9085842 0.1131477 0
0.7438456 0.2521091 -0.6189862 0
0.5338702 0.3330574 0.7772157 0
0 0 0 1

ArmLeft2Cap
-0.01863086 -0.9187437 0.3945528 0
0.9896661 -0.07320613 -0.1237242 0
0.1425434 0.3881514 0.9105607 0
0 0 0 1

ArmLeft3Cap
0.3815146 -0.6237334 0.6822097 0
0.8147466 -0.1217044 -0.5669057 0
0.4366252 0.7721087 0.461753 0
0 0 0 1

ArmRight1Cap
-0.8216957 0.4618312 0.3339615 0
-0.1216224 0.4303814 -0.8944151 0
-0.5568012 -0.7755532 -0.297473 0
0 0 0 1

ArmRight2Cap
-0.3906008 0.6097757 0.6896402 0
-0.3969101 0.5643862 -0.7238302 0
-0.8305975 -0.5564537 0.02157653 0
0 0 0 1

ArmRight3Cap
-0.7774953 0.04811657 0.6270457 0
-0.2408647 0.8982575 -0.3675846 0
-0.5809351 -0.4368284 -0.6868013 0
0 0 0 1

LegFrontLeft1Cap
-0.6529198 -0.7539829 0.07215327 0
-0.5377837 0.5285558 0.6568264 0
-0.5333729 0.3900511 -0.7505822 0
0 0 0 1

LegFrontLeft2Cap
-0.763774 -0.6453603 0.01268871 0
-0.5375547 0.6468241 0.5409752 0
-0.3573313 0.4063615 -0.8409431 0
0 0 0 1

LegFrontLeft3Cap
-0.7551126 -0.5933338 0.2788667 0
-0.5598131 0.8049251 0.1967534 0
-0.3412062 -0.007540123 -0.9399663 0
0 0 0 1

LegFrontRight1Cap
0.5605931 0.8003873 0.2124033 0
-0.5727627 0.5600184 -0.5985991 0
-0.5980613 0.2139146 0.7723742 0
0 0 0 1

LegFrontRight2Cap
0.7262883 0.6873286 0.009275489 0
-0.5750228 0.6148986 -0.5396735 0
-0.3766363 0.3866249 0.8418237 0
0 0 0 1

LegFrontRight3Cap
0.6949171 0.6418935 0.3241313 0
-0.5895994 0.7666556 -0.2541837 0
-0.4116561 -0.01447147 0.9112244 0
0 0 0 1

LegRearLeft1Cap
-0.5841433 -0.5017838 0.6379582 0
-0.5976839 0.7977135 0.08017089 0
-0.5491359 -0.334465 -0.7658869 0
0 0 0 1

LegRearLeft2Cap
-0.3305548 -0.2474748 0.910762 0
-0.7398812 0.6670508 -0.08728226 0
-0.5859251 -0.702709 -0.4035997 0
0 0 0 1

LegRearLeft3Cap
-0.3001667 -0.1065576 0.9479147 0
-0.9132257 0.3191458 -0.2533057 0
-0.2755314 -0.9416959 -0.1931081 0
0 0 0 1

LegRearRight1Cap
0.5404776 0.5863006 0.6034367 0
-0.681038 0.7260048 -0.09540769 0
-0.4940356 -0.3593975 0.7916815 0
0 0 0 1

LegRearRight2Cap
0.3158078 0.5336345 0.7845376 0
-0.8509269 0.5250808 -0.0146226 0
-0.419748 -0.662966 0.6199096 0
0 0 0 1

LegRearRight3Cap
0.2345078 0.2218014 0.9464716 0
-0.952427 0.2473757 0.1780118 0
-0.1946508 -0.9431923 0.26926 0
0 0 0 1

HeadLeftCap
0.4184988 -0.9059994 0.06341946 0
0.07008994 0.101838 0.9923304 0
-0.9055084 -0.4108432 0.1061205 0
0 0 0 1

HeadCenterCap
0.06279052 0.9980298 -3.376064E-07 0
0.248201 -0.0156156 -0.9685843 0
-0.9666722 0.06081738 -0.2486921 0
0 0 0 1

HeadRightCap
-0.2688771 0.9562873 0.1149759 0
0.07645444 0.140185 -0.9871692 0
-0.9601353 -0.2566366 -0.1108061 0
0 0 0 1

Spine1Cap
0.3681245 0 0.9297765 0
0 1 0 0
-0.9297765 0 0.3681245 0
0 0 0 1

Spine2Cap
0.9510567 0 0.309017 0
0 1 0 0
-0.309017 0 0.9510567 0
0 0 0 1

Spine3Cap
0.943557 -0.119199 0.309017 0
0.1253332 0.9921147 -3.479924E-10 0
-0.3065803 0.0387301 0.9510566 0
0 0 0 1
