1

HeadCenterCap
0.003764446 0.9998255 -0.01847346 0
0.5035922 -0.01785402 -0.8637593 0
-0.8639371 -0.006050755 -0.5035697 0
0 0 0 1
