2

LegRearLeft1Cap
-0.7798676 -0.3005855 -0.5490431 0
-0.5587251 -0.06113867 0.827091 0
-0.2821809 0.9517888 -0.1202662 0
0 0 0 1

LegRearRight1Cap
-0.0850821 -0.3507656 0.9325893 0
-0.983658 0.1786173 -0.02255855 0
-0.1586642 -0.9192693 -0.360231 0
0 0 0 1
